Webots Project File version R2025a
perspectives: 000000ff00000000fd000000020000000100000102000002e4fc0200000001fb0000001400540065007800740045006400690074006f00720100000016000002e40000008800ffffff000000030000073a000000e6fc0100000001fb0000001a0043006f006e0073006f006c00650041006c006c0041006c006c01000000000000073a0000006900ffffff00000636000002e400000001000000020000000100000008fc00000000
simulationViewPerspectives: 000000ff00000001000000020000015f000005620100000002010000000100
sceneTreePerspectives: 000000ff00000001000000030000001c000000c0000000fa0100000002010000000200
maximizedDockId: -1
centralWidgetVisible: 1
orthographicViewHeight: 1
textFiles: 0 "protos/CurvedRoadSegment.proto"
consoles: Console:All:All
renderingDevicePerspectives: vehicle:camera;1;0.489077;0.593521;0.628813
renderingDevicePerspectives: vehicle:display;0;1;0;0
